211	211	211	211	211	211	211	211	211	211	211	211	211	211	211	211	211	211	211	211	211	211	211	211	211	211	211	211	211	211	211	211	211	211	211	211	211	211	211	211	211	211	211	211	211	211	211	211	211	211	211	211	211	211	211	211	211	211	211	211	211	211	211	211	211	211	211	211	211	211	211	211	211	211	211	211	211	211	211	211	211	211	211	211	211	211	211	211	211	211	211	211	211	211	211	211	211	211	211	211	211	211	211	211	211	211	211	211	211	211	211	211	211	211	211	211	211	211	211	211	211	211	211	211	211	211	211	211	211	211	211	211	211	211	211	211	211	211	211	211	211	211	211	211
211	211	211	211	211	211	211	211	211	211	211	211	211	211	211	211	211	211	211	211	211	211	211	211	211	211	211	211	211	211	211	211	211	211	211	211	211	211	211	211	211	211	211	211	211	211	211	211	211	211	211	211	211	211	211	211	211	211	211	211	211	211	211	211	211	211	211	211	211	211	211	211	211	211	211	211	211	211	211	211	211	211	211	211	211	211	211	211	211	211	211	211	211	211	211	211	211	211	211	211	211	211	211	211	211	211	211	211	211	211	211	211	211	211	211	211	211	211	211	211	211	211	211	211	211	211	211	211	211	211	211	211	211	211	211	211	211	211	211	211	211	211	211	211
211	211	211	211	211	211	211	211	211	211	211	211	211	211	211	211	211	211	211	211	211	211	211	211	211	211	211	211	211	211	211	211	211	211	211	211	211	211	211	211	211	211	211	211	211	211	211	211	211	211	211	211	211	211	211	211	211	211	211	211	211	211	211	211	211	211	211	211	211	211	211	211	211	211	211	211	211	211	211	211	211	211	211	211	211	211	211	211	211	211	211	211	211	211	211	211	211	211	211	211	211	211	211	211	211	211	211	211	211	211	211	211	211	211	211	211	211	211	211	211	211	211	211	211	211	211	211	211	211	211	211	211	211	211	211	211	211	211	211	211	211	211	211	211
211	211	211	211	211	211	211	211	211	211	211	211	211	211	211	211	211	211	211	211	211	211	211	211	211	211	211	211	211	211	211	211	211	211	211	211	211	211	211	211	211	211	211	211	211	211	211	211	211	211	211	211	211	211	211	211	211	211	211	211	211	211	211	211	211	211	211	211	211	211	211	211	211	211	211	211	211	211	211	211	211	211	211	211	211	211	211	211	211	211	211	211	211	211	211	211	211	211	211	211	211	211	211	211	211	211	211	211	211	211	211	211	211	211	211	211	211	211	211	211	211	211	211	211	211	211	211	211	211	211	211	211	211	211	211	211	211	211	211	211	211	211	211	211
211	211	211	211	211	211	211	211	211	211	211	211	211	211	211	211	211	211	211	211	211	211	211	211	211	211	211	211	211	211	211	211	211	211	211	211	211	1	1	2	2	2	2	1	1	1	1	1	211	211	211	211	0	211	0	0	0	0	0	0	0	0	211	211	211	211	211	211	211	211	211	211	211	211	211	211	211	211	211	211	211	211	211	211	211	211	211	211	211	211	211	211	211	211	211	211	211	211	211	211	211	211	211	211	211	211	211	211	211	211	211	211	211	211	211	211	211	211	211	211	211	211	211	211	211	211	211	211	211	211	211	211	211	211	211	211	211	211	211	211	211	211	211	211
211	211	211	211	211	211	211	211	211	211	211	211	211	211	211	211	211	211	211	211	211	211	211	211	211	211	211	211	211	211	211	211	211	211	1	2	1	1	1	1	1	1	2	1	211	0	0	0	0	0	0	0	0	0	0	0	0	0	0	0	0	0	0	0	0	211	211	211	211	211	211	211	211	211	211	211	211	211	211	211	211	211	211	211	211	211	211	211	211	211	211	211	211	211	211	211	211	211	211	211	211	211	211	211	211	211	211	211	211	0	0	211	211	211	211	211	211	211	211	211	211	211	211	211	211	211	211	211	211	211	211	211	211	211	211	211	211	211	211	211	211	211	211	211
211	211	211	211	211	211	211	211	211	211	211	211	211	211	211	211	211	211	211	211	211	211	211	211	211	211	211	211	211	211	211	211	211	3	211	1	3	3	3	3	2	1	211	0	0	0	0	0	0	0	0	0	0	0	0	0	0	0	0	0	0	0	0	0	211	211	211	211	211	211	211	211	211	211	211	211	211	0	0	0	0	211	211	211	211	211	211	211	211	211	211	211	211	211	211	211	211	211	211	211	211	211	211	211	211	211	211	211	211	211	211	211	0	0	211	211	211	211	211	211	211	211	211	211	211	211	211	211	211	211	211	211	211	211	211	211	211	211	211	211	211	211	211	211
211	211	211	211	211	211	211	211	211	211	211	211	211	211	211	211	211	211	211	211	211	211	211	1	211	211	211	211	3	211	211	3	3	211	3	3	211	211	211	211	211	211	211	211	0	0	0	0	0	0	0	0	0	0	0	0	0	0	0	0	0	0	0	0	211	211	211	211	211	211	211	211	211	211	211	211	211	211	211	211	211	211	211	211	211	211	211	211	211	211	211	211	211	211	211	211	0	0	0	0	211	211	211	211	211	211	211	211	211	211	107	211	108	107	108	107	108	211	211	211	211	211	211	211	211	211	211	211	211	211	211	211	211	211	211	211	211	211	211	211	211	211	211	211
211	211	211	211	211	211	211	211	211	211	211	211	211	211	211	211	211	211	211	211	211	211	3	3	211	211	211	211	211	211	211	211	211	211	211	211	211	211	211	211	211	211	211	211	211	211	211	211	211	211	0	0	0	0	0	0	0	0	0	0	0	0	0	0	211	211	211	211	211	211	211	211	211	211	211	211	211	211	211	211	211	211	211	211	211	211	211	211	211	211	211	211	211	211	0	0	211	211	211	211	211	211	211	211	211	211	211	107	107	108	108	108	108	108	108	108	211	211	211	211	211	211	211	211	211	211	211	211	211	211	211	211	211	211	211	211	211	211	211	211	211	211	211	211
211	211	211	211	211	211	211	211	211	211	211	211	211	211	211	211	211	211	211	211	211	211	3	3	211	3	3	3	3	3	211	211	3	3	211	211	3	3	3	3	3	3	211	211	211	211	211	211	211	211	0	0	0	0	0	0	0	0	0	0	0	0	0	211	211	211	211	211	211	211	211	211	211	211	211	211	211	211	211	211	211	211	211	211	211	211	211	211	211	211	211	211	211	0	211	211	211	211	211	211	108	211	211	108	211	108	108	108	108	108	109	109	109	109	109	110	108	108	109	108	108	108	108	108	211	211	211	211	108	108	108	108	211	211	211	211	211	211	211	211	211	211	211	211
211	211	211	211	211	211	211	3	3	3	3	3	3	211	211	211	211	211	211	211	211	211	211	211	211	211	3	3	3	3	3	3	211	211	3	211	211	211	3	3	211	3	3	3	3	211	211	211	211	211	0	0	0	0	0	0	0	0	0	0	0	0	211	211	211	211	211	211	211	211	211	211	211	211	211	211	211	211	211	211	211	181	182	182	211	211	211	211	211	211	211	211	211	211	211	211	211	211	211	108	108	211	108	108	108	108	109	109	109	108	108	108	110	108	110	109	109	110	110	110	110	110	110	110	110	110	110	108	110	110	110	108	108	108	108	108	211	211	211	211	211	211	211	211
108	211	211	211	211	211	3	3	3	3	3	3	3	4	4	3	3	3	5	3	5	3	3	3	5	3	211	211	3	3	211	211	211	3	3	3	3	211	3	211	211	211	211	3	3	211	211	211	211	211	211	0	0	0	0	0	0	0	0	0	211	211	211	211	211	211	211	211	211	211	211	211	211	211	211	211	211	211	181	182	181	183	184	184	183	183	183	181	211	211	211	211	181	181	181	181	108	108	108	211	108	108	108	109	109	109	109	109	108	108	108	108	110	110	111	110	110	110	110	110	110	110	110	110	110	110	108	110	110	110	110	110	110	110	110	108	110	110	110	108	108	108	108	108
108	108	108	108	207	207	211	211	5	4	4	4	5	5	5	5	3	3	3	5	5	5	5	5	5	5	5	3	3	3	3	3	3	3	3	3	3	3	3	211	211	211	3	3	3	211	3	211	211	211	211	0	0	0	0	0	0	0	211	211	211	211	211	211	211	211	211	211	211	211	211	211	211	211	211	211	211	184	184	184	184	184	184	184	184	183	211	183	211	184	184	184	184	183	183	183	108	110	112	112	110	110	109	110	110	110	110	110	110	110	110	110	111	111	111	111	110	113	110	110	110	110	110	110	110	110	110	110	108	110	110	110	110	110	108	108	108	110	110	108	109	109	108	108
207	207	207	207	207	207	207	207	5	4	6	4	4	3	3	3	5	5	4	7	3	5	4	4	4	4	4	5	5	3	3	3	3	3	3	3	3	211	3	3	211	0	211	3	3	3	211	211	211	211	211	0	0	0	0	0	211	211	211	211	211	211	211	0	0	0	211	211	211	211	211	211	211	211	211	211	184	184	184	184	211	211	184	184	184	184	211	184	184	184	184	184	184	184	184	183	112	111	110	110	110	110	110	110	110	110	111	111	111	111	111	111	111	111	111	111	111	113	113	111	111	111	113	113	110	110	108	110	108	108	110	110	110	110	110	110	108	108	110	110	110	108	108	109
207	207	207	207	207	207	8	3	5	5	3	4	3	3	2	2	3	3	5	5	3	5	4	4	4	4	4	4	4	5	5	5	5	5	7	211	211	211	211	211	211	3	3	211	211	3	211	211	211	211	211	211	0	0	0	211	211	211	211	211	211	211	211	211	211	211	211	211	211	211	211	211	211	211	182	181	184	184	184	211	211	185	184	184	184	184	186	186	186	186	184	184	184	184	184	187	111	111	111	111	111	111	111	111	111	111	111	111	111	111	111	111	111	111	111	111	111	111	111	111	113	113	111	111	111	111	111	110	110	110	110	110	110	110	110	108	109	108	109	109	108	109	207	207
207	207	207	207	207	3	8	3	3	3	3	207	3	207	9	2	2	3	3	3	5	5	5	4	10	10	10	10	10	4	4	5	5	5	211	211	211	211	211	211	211	3	3	3	211	211	211	211	211	211	211	211	211	211	0	211	211	211	211	211	211	211	211	211	211	211	211	211	211	211	211	211	211	211	188	187	186	184	186	186	211	189	211	211	189	186	186	190	186	186	185	186	186	186	186	187	111	112	112	114	111	111	115	111	112	111	111	111	111	111	111	116	111	111	111	111	111	108	111	111	111	111	111	111	111	111	111	110	110	110	110	110	108	110	207	207	207	109	109	207	207	207	207	207
207	207	207	207	207	207	207	207	207	3	207	207	207	207	207	207	207	9	9	11	3	3	11	4	10	10	10	10	10	10	4	4	4	4	5	211	211	211	211	211	211	3	7	7	5	5	3	211	211	211	211	211	211	211	211	211	211	211	211	211	211	211	211	211	211	211	211	211	211	191	192	211	211	211	211	193	211	194	194	211	211	211	186	186	186	189	189	189	190	189	186	185	195	189	189	187	115	114	114	112	112	111	112	117	114	112	116	116	116	116	116	116	116	116	111	108	108	111	108	111	111	108	111	111	111	111	111	110	207	207	207	207	207	207	207	207	109	207	207	207	207	207	207	207
207	207	207	207	207	207	207	207	12	207	207	207	207	207	207	207	207	207	18	18	11	11	11	11	10	10	11	11	10	10	10	10	4	4	4	6	6	211	211	211	211	211	7	7	5	5	7	7	211	211	211	211	211	211	211	211	211	211	211	211	211	211	211	211	211	211	211	211	211	211	193	211	211	211	211	193	211	193	211	211	195	195	195	189	196	195	189	189	189	195	189	189	197	195	189	186	115	118	124	114	118	112	112	112	119	119	120	120	114	120	120	120	120	120	111	111	108	121	111	108	111	111	111	111	111	111	111	207	207	207	207	207	207	207	113	108	109	109	207	207	207	207	207	207
207	207	207	207	207	207	207	207	207	207	207	207	207	207	207	207	207	207	207	207	9	13	11	11	11	11	19	20	14	14	15	10	10	4	4	5	5	6	6	211	5	4	5	5	5	5	5	4	5	211	211	211	211	211	211	211	211	211	211	211	211	211	211	211	211	211	211	211	193	193	211	193	211	211	211	211	211	195	189	195	189	189	189	189	189	197	197	197	195	195	195	197	197	195	190	186	114	122	125	125	122	114	122	122	114	119	120	120	120	120	120	120	120	121	121	121	108	121	121	121	111	111	111	111	111	111	111	207	207	207	207	207	207	207	113	109	207	207	207	207	207	207	207	207
207	207	207	207	207	207	207	207	207	207	207	207	207	207	207	207	207	207	207	207	207	11	19	11	11	19	19	21	21	22	22	15	14	16	16	4	4	6	6	5	211	4	5	5	5	4	4	5	5	7	211	211	211	211	211	211	211	211	211	211	211	211	211	211	211	211	211	211	193	193	193	193	193	211	198	193	193	188	195	189	189	190	195	195	195	195	195	195	195	195	190	190	195	195	190	190	122	126	124	125	114	124	124	127	119	118	120	108	121	121	108	116	108	120	120	114	120	118	118	118	111	111	117	119	111	122	111	111	111	207	207	207	207	207	207	109	207	207	207	207	207	207	207	207
207	207	207	207	207	207	207	207	207	207	207	207	207	207	207	207	207	207	207	207	207	18	19	19	19	19	19	22	21	21	22	22	22	22	15	13	4	4	4	4	4	4	4	4	4	11	17	4	211	4	211	211	211	211	211	211	211	211	211	211	211	211	211	211	211	211	211	211	211	211	193	211	211	193	193	193	195	189	195	189	186	199	195	195	195	193	193	193	193	193	191	191	191	200	200	200	126	128	124	124	126	126	124	126	124	124	116	108	123	114	123	123	129	116	114	120	118	114	114	114	118	111	117	122	119	115	120	120	207	120	207	207	207	207	207	207	207	207	207	207	207	207	207	207
207	207	207	207	207	207	207	207	207	207	207	207	207	207	207	207	207	207	207	207	207	207	19	19	23	19	19	22	21	21	21	22	21	22	20	11	13	11	11	11	13	11	15	11	13	24	212	212	11	11	11	212	212	212	212	212	212	212	212	212	212	212	212	212	212	212	212	212	212	212	193	193	193	199	201	187	195	195	201	193	193	193	195	198	193	193	193	193	193	200	202	202	191	191	191	191	128	130	128	128	131	128	128	126	128	126	124	124	131	128	126	126	126	124	124	124	124	124	124	114	111	132	132	117	117	119	120	120	207	207	207	207	207	207	207	207	207	207	207	207	207	207	207	207
207	207	207	207	207	207	207	207	207	207	207	207	207	207	207	207	207	207	207	207	207	207	19	19	19	19	19	21	21	21	21	21	22	22	20	20	25	25	25	22	25	22	25	25	19	24	19	212	212	212	212	212	212	212	212	212	212	212	212	212	212	212	212	212	212	212	212	212	212	212	212	212	193	201	193	193	193	193	189	193	193	193	193	193	203	193	193	193	193	193	191	204	205	205	133	128	128	128	128	128	131	128	128	128	128	128	130	126	133	133	128	128	128	128	128	128	124	124	124	124	124	124	132	117	117	119	115	207	207	207	207	207	207	207	207	207	207	207	207	207	207	207	207	207
207	207	207	207	207	207	207	207	207	207	207	207	207	207	207	207	207	207	207	207	207	207	19	19	23	23	23	19	21	21	21	21	22	22	22	22	22	24	24	22	22	22	24	25	212	212	212	212	212	212	212	212	212	212	212	212	212	212	212	212	212	212	212	212	212	212	212	212	212	212	212	212	189	193	206	206	198	193	201	193	193	193	193	198	193	193	193	189	193	193	128	128	133	133	133	133	130	130	130	131	128	130	124	128	134	124	128	128	133	133	133	133	133	128	128	131	128	124	124	124	124	125	135	135	120	115	207	207	136	136	207	207	207	207	207	207	207	207	207	207	207	207	207	207
207	207	207	207	207	207	207	207	207	207	207	207	207	207	207	207	207	207	207	207	207	207	26	19	23	23	23	23	23	21	21	21	21	27	22	22	22	22	22	22	28	28	22	24	212	212	212	212	212	212	212	212	212	212	212	212	212	212	212	212	212	212	212	212	212	212	212	212	198	193	193	191	206	199	206	206	193	198	193	194	194	193	193	199	137	128	128	134	134	128	138	128	128	133	133	130	130	130	128	128	139	124	124	124	140	128	130	133	133	133	133	133	133	133	131	131	124	124	124	124	138	135	135	136	207	207	207	207	207	207	207	207	207	207	207	207	207	207	207	207	207	207	207	207
207	207	207	207	207	207	207	207	207	207	207	207	207	207	207	207	207	207	207	207	207	207	26	19	23	23	23	21	21	19	21	21	27	27	27	29	27	29	27	29	25	27	212	212	212	212	212	212	212	212	212	212	212	212	212	212	212	212	212	212	212	212	212	212	212	212	212	212	193	206	193	206	204	193	206	206	193	193	206	193	193	193	138	141	138	131	128	128	128	128	128	138	128	133	128	130	130	128	128	128	124	133	140	128	130	130	128	128	133	133	131	131	130	131	131	131	131	124	138	138	207	135	134	134	207	207	207	207	127	207	207	207	207	207	207	207	207	207	207	207	207	207	207	207
207	207	207	207	207	207	207	207	207	207	207	207	207	207	207	207	207	207	207	207	207	207	207	30	19	23	23	31	32	19	32	32	27	27	29	33	33	33	34	33	33	27	212	212	212	212	212	212	212	212	212	212	212	212	212	212	212	212	212	212	212	212	212	212	212	212	212	212	194	193	194	193	72	72	73	72	193	206	193	193	193	193	138	137	138	137	137	138	128	128	128	138	138	138	128	128	128	130	128	128	128	133	133	130	130	133	133	133	142	142	143	143	131	128	131	131	131	138	138	207	207	207	144	134	207	207	207	136	207	207	207	207	207	207	207	207	207	207	207	207	207	207	207	207
207	207	207	207	207	207	207	207	207	207	207	207	207	207	207	207	207	207	207	207	207	207	207	35	35	31	32	32	36	32	27	32	27	27	33	27	33	33	34	33	33	37	212	212	212	212	212	212	212	212	212	212	212	212	212	212	212	212	212	212	212	212	212	212	212	212	212	212	212	212	206	72	74	75	73	72	72	206	193	193	193	193	193	138	128	138	138	128	128	128	128	128	128	133	133	128	128	128	124	143	124	124	133	133	133	133	133	143	145	145	145	145	128	128	138	138	138	138	138	138	207	207	207	146	207	207	127	144	207	207	207	207	207	207	207	207	207	207	207	207	207	207	207	207
207	207	207	207	207	207	207	207	207	207	207	207	207	207	207	207	207	207	207	207	207	207	207	207	30	31	32	36	31	32	32	32	27	29	33	27	33	33	33	33	26	212	212	212	212	212	212	212	212	212	212	212	212	212	212	212	212	212	212	212	212	212	212	212	212	212	212	212	212	212	74	75	75	75	76	75	75	74	193	193	72	77	193	138	128	138	139	131	131	128	128	147	128	133	133	128	128	128	143	143	128	128	128	133	143	143	143	143	145	143	143	143	143	148	136	128	128	138	138	138	207	207	207	207	144	127	127	207	207	207	207	207	207	207	207	207	207	207	207	207	207	207	207	207
207	207	207	207	207	207	207	207	207	207	207	207	207	207	207	207	207	207	207	207	207	207	207	207	207	35	31	32	32	32	32	32	36	29	33	33	33	26	26	33	212	212	212	212	212	212	212	212	212	212	212	212	212	212	212	212	212	212	212	212	212	212	212	212	212	212	212	212	72	78	75	75	79	80	79	79	75	75	75	75	75	75	75	75	81	128	128	131	128	131	139	128	135	133	133	128	128	128	128	128	128	139	139	146	145	143	145	143	143	143	143	143	143	144	144	134	144	144	144	144	144	207	207	207	141	207	207	207	207	207	207	207	207	207	207	207	207	207	207	207	207	207	207	207
207	207	207	207	207	207	207	207	207	207	207	207	207	207	207	207	207	207	207	207	207	207	207	207	207	207	207	31	32	32	31	32	36	27	38	37	212	212	26	29	212	212	212	212	212	212	212	212	212	212	212	212	212	212	212	212	212	212	212	212	212	212	212	212	212	212	212	212	75	80	80	79	79	80	80	79	80	80	80	80	80	79	80	80	81	131	131	131	130	131	133	133	128	128	141	133	128	133	128	128	128	128	138	138	134	143	143	143	143	148	147	143	136	144	144	134	144	144	144	134	134	207	207	207	207	207	207	207	207	207	207	207	207	207	207	207	207	207	207	207	207	207	207	207
207	207	207	207	207	207	207	207	207	207	207	207	207	207	207	207	207	207	207	207	207	207	207	207	207	207	31	207	39	32	31	32	40	27	212	212	212	212	212	32	212	212	212	212	212	212	212	212	212	212	212	212	212	212	212	212	212	212	212	212	212	212	212	212	212	72	212	212	80	80	79	79	80	80	80	80	80	79	80	80	80	79	79	80	80	76	128	128	130	130	130	130	128	128	128	133	133	133	128	130	130	128	138	138	138	141	141	143	144	141	149	150	148	128	134	134	134	144	134	134	134	207	207	207	207	207	207	207	207	207	207	207	207	207	207	207	207	207	207	207	207	207	207	207
207	207	207	207	207	207	207	207	207	207	207	207	207	207	207	207	207	207	207	207	207	207	207	207	207	207	207	31	30	39	32	32	32	212	212	212	212	212	212	27	212	212	212	212	212	212	212	212	212	212	212	212	212	212	212	212	212	212	212	212	212	212	212	212	212	212	76	76	76	76	76	79	80	76	76	79	79	79	80	80	79	79	79	80	80	76	128	128	128	130	128	130	128	128	128	128	128	128	128	139	128	128	138	138	138	138	144	144	144	150	150	150	128	128	128	134	155	156	156	156	207	207	207	207	207	207	207	207	207	207	207	207	207	207	207	207	207	207	207	207	207	207	207	207
207	207	207	207	207	207	207	207	207	207	207	207	207	207	207	207	207	207	207	207	207	207	207	207	207	207	207	207	207	40	32	32	32	212	212	212	212	212	212	212	212	212	212	212	212	212	212	212	212	212	212	212	212	212	212	212	212	212	212	212	212	212	212	212	212	212	76	76	76	79	80	80	80	80	80	79	79	80	76	80	79	80	80	80	80	75	82	128	128	128	128	139	130	130	128	216	216	216	216	139	128	128	138	128	141	141	138	144	157	155	158	134	134	149	159	155	159	155	157	207	156	207	207	207	207	207	207	207	207	207	207	207	207	207	207	207	207	207	207	207	207	207	207	207
207	207	207	207	207	207	207	207	207	207	207	207	207	207	207	207	207	207	207	207	207	207	207	207	207	207	207	207	207	207	39	27	27	212	212	212	212	212	43	44	45	212	212	212	212	212	212	212	212	212	212	212	212	212	212	212	212	212	212	212	212	212	212	212	212	76	76	79	79	79	79	79	80	80	80	80	80	80	80	76	80	80	80	80	80	76	75	151	128	133	128	130	130	130	128	128	216	216	216	216	138	138	152	138	160	158	144	150	216	158	161	158	162	158	155	155	155	159	207	207	207	207	207	207	207	207	207	207	207	207	207	207	207	207	207	207	207	207	207	207	207	207	207	207
207	207	207	207	207	207	207	207	207	207	207	207	207	207	207	207	207	207	207	207	207	207	207	207	207	207	207	207	207	207	41	39	42	212	212	212	46	212	212	212	212	47	212	212	212	212	212	212	212	212	212	212	212	212	212	212	212	212	212	212	212	212	212	212	212	212	80	79	79	79	79	79	80	80	80	80	80	80	79	80	80	80	80	80	79	75	75	128	128	133	130	130	130	130	133	216	216	216	216	216	216	138	138	138	157	157	160	216	216	158	159	158	158	158	159	207	207	207	207	207	207	207	207	207	207	207	207	207	207	207	207	207	207	207	207	207	207	207	207	207	207	207	207	207
207	207	207	207	207	207	207	207	207	207	207	207	207	207	207	207	207	207	207	207	207	207	207	207	207	207	207	207	207	207	207	41	39	27	48	48	48	212	212	212	212	47	49	45	45	50	212	212	212	212	212	212	212	212	212	212	212	212	212	212	212	212	212	212	212	212	83	75	79	76	83	83	83	83	80	80	76	79	79	80	80	80	80	80	75	75	75	75	152	133	128	128	128	131	131	216	216	216	216	216	216	138	153	138	157	160	216	216	216	216	159	157	159	161	207	207	207	207	207	207	162	207	207	207	207	207	207	207	207	207	207	207	207	207	207	207	207	207	207	207	207	207	207	207
208	208	208	208	208	208	208	208	209	209	209	209	209	209	209	209	209	209	209	209	209	209	209	209	209	209	209	209	209	209	209	209	209	39	48	48	48	213	213	213	213	213	213	213	213	213	213	213	213	213	213	213	213	213	213	213	213	213	213	213	213	213	213	213	213	213	84	84	83	75	85	83	83	75	83	75	75	83	76	80	80	80	80	75	75	81	75	86	75	128	128	128	128	216	216	216	216	216	216	216	216	216	153	138	138	216	216	216	216	216	216	158	159	161	158	208	208	208	208	208	159	208	208	208	208	208	208	208	208	208	208	208	208	208	208	208	208	208	208	208	208	208	208	208
208	208	208	208	208	208	208	208	209	209	209	209	209	209	209	209	209	209	209	209	209	209	209	209	209	209	209	209	209	209	209	209	209	209	209	46	49	48	48	213	213	213	213	213	213	213	213	213	213	213	213	213	213	213	213	213	213	213	213	213	213	213	213	213	213	87	84	84	84	84	84	84	84	84	86	83	75	85	83	83	84	83	75	75	75	72	83	88	75	128	128	128	216	216	216	216	216	216	216	216	216	216	138	138	216	216	216	216	216	216	216	157	159	161	161	158	208	208	208	208	159	208	208	208	208	208	208	208	208	208	208	208	208	208	208	208	208	208	208	208	208	208	208	208
208	208	208	208	208	208	208	208	209	209	209	209	209	209	209	209	209	209	209	209	209	209	209	209	209	209	209	209	209	209	209	209	209	209	209	209	209	46	48	213	213	213	213	51	213	213	213	213	213	213	213	213	213	213	213	213	213	213	213	213	213	213	213	213	213	213	75	75	84	75	84	75	84	84	75	72	72	72	84	84	84	84	75	75	75	83	86	88	79	82	216	216	216	216	216	216	216	216	216	216	216	216	154	138	216	216	216	216	216	216	216	216	216	158	158	158	208	208	208	208	159	159	208	208	208	208	208	208	208	208	208	208	208	208	208	208	208	208	208	208	208	208	208	208
208	208	208	208	208	208	208	208	209	209	209	209	209	209	209	209	209	209	209	209	209	209	209	209	209	209	209	209	209	209	209	209	209	209	209	209	209	209	43	213	213	213	47	213	45	49	51	213	213	213	213	213	213	213	213	213	213	213	213	213	213	213	213	213	213	213	89	84	84	84	84	84	84	84	84	84	84	75	84	84	84	84	84	85	84	84	88	88	86	83	75	80	216	216	216	216	216	216	216	216	216	216	144	138	216	216	216	216	216	216	216	216	216	216	159	208	208	208	208	208	208	160	208	208	208	208	208	208	208	208	208	208	208	208	208	208	208	208	208	208	208	208	208	208
208	208	208	208	208	208	208	208	209	209	209	209	209	209	209	209	209	209	209	209	209	209	209	209	209	209	209	209	209	209	209	209	209	209	209	209	209	209	209	49	209	52	47	45	45	45	51	48	213	213	213	213	213	213	213	213	213	213	213	213	213	213	213	213	213	213	213	90	91	84	84	84	92	72	72	72	84	84	84	84	84	86	84	84	75	84	75	88	75	83	83	80	216	216	216	216	216	216	216	216	216	216	216	216	128	216	216	216	216	216	216	216	216	216	208	208	208	208	208	208	208	158	158	208	208	208	208	208	208	208	208	208	208	208	208	208	208	208	208	208	208	208	208	208
208	208	208	208	208	208	208	208	209	209	209	209	209	209	209	209	209	209	209	209	209	209	209	209	209	209	209	209	209	209	209	209	209	209	209	209	209	209	209	209	209	52	47	51	51	48	48	48	48	213	213	213	213	213	213	213	213	213	213	213	213	213	213	213	213	213	213	213	90	90	92	90	92	213	89	90	84	84	84	84	84	91	91	84	84	84	84	86	84	83	84	80	216	216	216	216	216	216	216	216	216	216	216	216	128	216	216	216	216	216	216	216	163	216	208	208	208	208	163	208	208	208	208	208	208	208	208	208	208	208	208	208	208	208	208	208	208	208	208	208	208	208	208	208
208	208	208	208	208	208	208	208	209	209	209	209	209	209	209	209	209	209	209	209	209	209	209	209	209	209	209	209	209	209	209	209	209	209	209	209	209	209	209	209	209	52	51	51	52	52	52	45	48	52	52	52	213	213	213	213	213	213	213	213	213	213	213	213	213	213	213	213	213	213	213	213	213	213	213	213	90	91	91	91	91	91	91	91	72	84	75	83	84	84	83	216	216	216	216	216	216	216	216	216	216	216	216	216	216	216	216	216	216	216	163	163	157	163	208	208	208	163	163	208	208	208	208	208	208	208	208	208	208	208	208	208	208	208	208	208	208	208	208	208	208	208	208	208
208	208	208	208	208	208	208	208	209	209	209	209	209	209	209	209	209	209	209	209	209	209	209	209	209	209	209	209	209	209	209	209	209	209	209	209	209	209	209	209	209	52	52	52	52	52	52	52	48	45	52	52	213	213	213	213	213	213	213	213	213	213	213	213	213	213	213	213	213	213	213	213	213	213	213	213	90	91	91	91	91	91	90	90	91	84	75	75	83	84	216	216	216	216	216	216	216	216	216	216	216	216	216	216	216	216	216	216	216	216	216	163	164	164	208	208	164	163	208	208	208	208	208	158	208	208	208	208	208	208	208	208	208	208	208	208	208	208	208	208	208	208	208	208
208	208	208	208	208	208	208	208	209	209	209	209	209	209	209	209	209	209	209	209	209	209	209	209	209	209	209	209	209	209	209	209	209	209	209	209	209	209	209	209	47	52	52	52	52	52	52	52	52	52	51	48	213	213	213	213	213	213	213	213	213	213	213	213	213	213	213	213	213	213	213	213	213	213	213	213	93	94	94	94	94	94	93	93	95	96	97	98	83	216	216	216	216	216	216	216	216	216	216	216	216	216	216	216	216	216	216	216	216	216	216	216	163	163	208	208	163	163	163	208	160	158	208	208	208	208	208	208	208	208	208	208	208	208	208	208	208	208	208	208	208	208	208	208
208	208	208	208	208	208	208	208	209	209	209	209	209	209	209	209	209	209	209	209	209	209	209	209	209	209	209	209	209	209	209	209	209	209	209	209	209	209	209	209	47	52	52	52	52	52	52	48	48	48	48	48	48	48	213	213	213	213	213	213	213	213	213	213	213	213	213	213	213	213	213	213	213	213	213	213	93	94	94	94	94	94	94	95	96	96	95	98	96	216	216	216	216	216	216	216	216	216	216	216	216	216	216	216	216	216	216	216	216	216	216	216	163	163	216	216	163	165	161	216	158	216	216	216	216	163	163	165	208	208	208	208	208	208	208	208	208	208	208	208	208	208	208	208
208	208	208	208	208	208	208	208	209	209	209	209	209	209	209	209	209	209	209	209	209	209	209	209	209	209	209	209	209	209	209	209	209	209	209	209	209	209	209	209	52	52	52	52	52	52	48	48	48	48	48	48	48	48	48	53	54	213	213	213	213	213	213	213	213	213	213	213	213	213	213	213	213	213	213	213	94	99	94	94	94	94	94	94	95	99	98	98	216	216	216	216	216	216	216	216	216	216	216	216	216	216	216	216	216	216	216	216	216	216	216	216	216	163	216	216	216	216	161	216	160	216	216	216	216	158	163	163	163	163	208	208	208	208	208	208	208	208	208	208	208	208	208	208
208	208	208	208	208	208	208	208	209	209	209	209	209	209	209	209	209	209	209	209	209	209	209	209	209	209	209	209	209	209	209	209	209	209	209	209	209	209	209	209	45	52	52	52	52	48	48	48	48	48	51	48	48	48	55	56	56	56	213	213	213	213	213	213	213	213	213	213	213	213	213	213	213	213	213	213	213	100	94	99	99	99	101	101	101	101	98	99	216	216	216	216	216	216	216	216	216	216	216	216	216	216	216	216	216	216	216	216	216	216	216	216	216	216	216	210	210	216	216	216	216	216	216	216	216	216	216	165	163	163	163	208	158	208	208	208	208	208	208	208	208	208	208	208
208	208	208	208	208	208	208	208	209	209	209	209	209	209	209	209	209	209	209	209	209	209	209	209	209	209	209	209	209	209	209	209	209	209	209	209	209	209	209	209	53	47	52	52	48	48	48	48	48	48	51	45	45	55	55	56	54	54	213	213	213	213	213	213	213	213	213	213	213	213	213	213	213	213	213	213	213	99	94	99	99	99	101	95	101	95	98	99	216	216	216	216	216	216	216	216	216	216	216	216	216	216	216	216	216	216	216	216	216	216	216	216	216	216	216	216	159	157	216	216	216	216	160	216	158	216	216	165	161	165	156	208	208	208	208	208	208	208	208	208	208	208	208	208
208	208	208	208	208	208	208	208	209	209	209	209	209	209	209	209	209	209	209	209	209	209	209	209	209	209	209	209	209	209	209	209	209	209	209	209	209	209	209	209	209	45	47	52	48	48	48	48	51	48	51	51	55	55	56	54	55	57	213	213	213	213	213	213	213	213	213	213	213	213	213	213	213	213	213	213	213	99	97	101	101	101	101	101	101	101	101	94	216	216	216	216	216	216	216	216	216	216	216	216	216	216	216	216	216	216	216	216	216	216	216	216	216	216	216	216	216	216	216	216	216	216	216	216	216	216	216	216	208	208	208	158	208	208	208	208	208	208	208	208	208	208	208	208
208	208	208	208	208	208	208	208	209	209	209	209	209	209	209	209	209	209	209	209	209	209	209	209	209	209	209	209	209	209	209	209	209	209	209	209	209	209	209	209	209	56	45	47	48	48	51	48	48	48	51	51	58	55	56	56	56	213	213	213	213	213	213	213	213	213	213	213	213	213	213	213	213	213	213	213	213	213	99	101	101	101	101	101	98	101	101	101	216	216	216	216	216	216	216	216	216	216	216	216	216	216	216	216	216	216	216	216	216	216	216	216	216	216	216	216	216	216	216	216	216	216	216	216	166	167	216	216	208	208	208	208	208	208	208	208	208	208	208	208	208	208	208	208
208	208	208	208	208	208	208	208	209	209	209	209	209	209	209	209	209	209	209	209	209	209	209	209	209	209	209	209	209	209	209	209	209	209	209	209	209	209	209	209	209	209	55	55	47	47	51	51	51	51	51	55	55	55	56	55	213	213	213	213	213	213	213	213	213	213	213	213	213	213	213	213	213	213	213	213	213	95	101	101	101	101	101	101	101	96	101	101	216	216	216	95	216	216	216	216	216	216	216	216	216	216	216	216	216	216	216	216	216	216	216	216	216	216	216	216	216	216	216	216	216	216	216	216	167	167	216	216	208	167	208	208	208	208	208	208	208	208	208	208	208	208	208	208
208	208	208	208	208	208	208	208	209	209	209	209	209	209	209	209	209	209	209	209	209	209	209	209	209	209	209	209	209	209	209	209	209	209	209	209	209	209	209	209	209	209	59	60	55	45	51	51	61	61	55	55	55	54	55	58	213	213	213	213	213	213	213	213	213	213	213	213	213	213	213	213	213	213	213	213	213	98	98	101	101	101	101	101	98	98	99	99	216	216	96	99	216	216	216	216	216	216	216	216	216	216	216	216	216	216	216	216	216	216	216	216	216	216	216	216	216	216	216	216	216	216	167	167	168	169	167	216	208	167	208	208	208	208	208	208	208	208	208	208	208	208	208	208
208	208	208	208	208	208	208	208	209	209	209	209	209	209	209	209	209	209	209	209	209	209	209	209	209	209	209	209	209	209	209	209	209	209	209	209	209	209	209	209	209	209	209	209	55	55	62	56	62	61	55	55	55	55	55	63	213	213	213	213	213	213	213	213	213	213	213	213	213	213	213	213	213	213	213	213	213	95	98	98	99	98	98	101	96	97	97	216	216	216	95	96	216	216	216	216	216	216	216	216	216	216	216	216	216	216	216	216	216	216	216	216	216	216	216	216	216	216	216	216	216	170	169	169	168	170	169	169	170	167	208	208	208	208	208	208	208	208	208	208	208	208	208	162
210	210	210	210	210	210	210	210	210	210	210	210	210	210	210	210	210	210	210	210	210	210	210	210	210	210	210	210	210	210	210	210	210	210	210	210	210	210	210	210	210	210	210	210	55	55	56	56	56	55	55	55	55	55	55	63	214	214	214	214	214	214	214	214	214	214	214	214	214	214	214	214	214	214	214	214	214	102	98	95	103	103	98	98	101	101	217	217	217	217	96	99	217	217	217	217	217	217	217	217	217	217	217	217	217	217	217	217	217	217	217	217	217	217	217	217	217	217	217	217	171	171	171	168	171	168	170	169	170	167	167	210	210	210	210	210	210	210	210	210	210	210	210	210
210	210	210	210	210	210	210	210	210	210	210	210	210	210	210	210	210	210	210	210	210	210	210	210	210	210	210	210	210	210	210	210	210	210	210	210	210	210	210	210	210	210	210	210	64	55	56	56	56	55	58	65	63	58	63	65	214	214	214	214	214	214	214	214	214	214	214	214	214	214	214	214	214	214	214	214	214	214	95	95	103	103	103	98	98	99	217	217	217	217	95	217	217	217	217	217	217	217	217	217	217	217	217	217	217	217	217	217	217	217	217	217	217	217	217	217	217	217	170	170	171	171	171	171	168	170	172	172	170	170	167	173	210	210	210	210	210	210	210	210	210	210	210	210
210	210	210	210	210	210	210	210	210	210	210	210	210	210	210	210	210	210	210	210	210	210	210	210	210	210	210	210	210	210	210	210	210	210	210	210	210	210	210	210	210	210	210	210	66	55	56	56	63	58	65	55	63	54	214	214	214	214	214	214	214	214	214	214	214	214	214	214	214	214	214	214	214	214	214	214	214	214	103	104	104	103	95	98	98	99	217	217	217	217	96	217	217	217	217	217	217	217	217	217	217	217	217	217	217	217	217	217	217	217	217	217	217	217	217	217	217	217	172	170	171	171	171	168	168	170	170	170	170	170	169	169	167	210	210	210	210	210	210	210	210	210	210	210
210	210	210	210	210	210	210	210	210	210	210	210	210	210	210	210	210	210	210	210	210	210	210	210	210	210	210	210	210	210	210	210	210	210	210	210	210	210	210	210	210	210	210	210	55	55	56	56	61	58	55	55	63	214	214	214	214	214	214	214	214	214	214	214	214	214	214	214	214	214	214	214	214	214	214	214	214	214	104	95	104	103	95	96	97	217	217	217	217	217	217	217	217	217	217	217	217	217	217	217	217	217	217	217	217	217	217	217	217	217	217	217	217	217	217	217	217	217	172	172	170	168	168	172	168	170	171	171	170	170	172	169	167	210	210	210	210	210	210	210	210	210	210	210
210	210	210	210	210	210	210	210	210	210	210	210	210	210	210	210	210	210	210	210	210	210	210	210	210	210	210	210	210	210	210	210	210	210	210	210	210	210	210	210	210	210	210	210	55	55	56	59	61	65	55	55	62	214	214	214	214	214	214	214	214	214	214	214	214	214	214	214	214	214	214	214	214	214	214	214	214	214	104	95	104	95	95	96	96	217	217	217	217	217	217	217	217	217	217	217	217	217	217	217	217	217	217	217	217	217	217	217	217	217	217	217	217	217	217	217	217	217	172	172	172	168	171	171	171	172	170	170	170	172	172	169	174	174	210	210	210	210	210	210	210	210	210	210
210	210	210	210	210	210	210	210	210	210	210	210	210	210	210	210	210	210	210	210	210	210	210	210	210	210	210	210	210	210	210	210	210	210	210	210	210	210	210	210	210	210	210	210	55	56	56	56	55	55	55	55	214	214	214	214	214	214	214	214	214	214	214	214	214	214	214	214	214	214	214	214	214	214	214	214	214	214	214	103	98	98	95	95	217	217	217	217	217	217	217	217	217	217	217	217	217	217	217	217	217	217	217	217	217	217	217	217	217	217	217	217	217	217	217	217	217	217	175	172	172	172	172	172	172	172	172	172	172	172	169	169	174	174	210	210	210	210	210	210	210	210	210	210
210	210	210	210	210	210	210	210	210	210	210	210	210	210	210	210	210	210	210	210	210	210	210	210	210	210	210	210	210	210	210	210	210	210	210	210	210	210	210	210	210	210	210	67	55	56	63	63	63	55	55	63	214	214	214	214	214	214	214	214	214	214	214	214	214	214	214	214	214	214	214	214	214	214	214	214	214	214	214	105	105	105	95	96	217	217	217	217	217	217	217	217	217	217	217	217	217	217	217	217	217	217	217	217	217	217	217	217	217	217	217	217	217	217	217	217	217	217	176	175	175	172	172	172	217	172	175	172	172	172	169	174	176	210	210	210	210	210	210	210	210	210	210	210
210	210	210	210	210	210	210	210	210	210	210	210	210	210	210	210	210	210	210	210	210	210	210	210	210	210	210	210	210	210	210	210	210	210	210	210	210	210	210	210	210	210	210	59	55	55	63	63	63	63	55	214	214	214	214	214	214	214	214	214	214	214	214	214	214	214	214	214	214	214	214	214	214	214	214	214	214	214	214	214	96	106	96	217	217	217	217	217	217	217	217	217	217	217	217	217	217	217	217	217	217	217	217	217	217	217	217	217	217	217	217	217	217	217	217	217	217	217	176	177	178	178	217	217	217	217	175	174	172	172	174	177	176	210	210	210	210	210	210	210	210	210	210	210
210	210	210	210	210	210	210	210	210	210	210	210	210	210	210	210	210	210	210	210	210	210	210	210	210	210	210	210	210	210	210	210	210	210	210	210	210	210	210	210	210	210	210	55	55	55	63	63	63	214	214	214	214	214	214	214	214	214	214	214	214	214	214	214	214	214	214	214	214	214	214	214	214	214	214	214	214	214	214	214	217	217	217	217	217	217	217	217	217	217	217	217	217	217	217	217	217	217	217	217	217	217	217	217	217	217	217	217	217	217	217	217	217	217	217	217	217	217	217	217	217	217	217	217	217	217	217	217	179	177	176	176	210	210	210	210	210	210	210	210	210	210	210	210
210	210	210	210	210	210	210	210	210	210	210	210	210	210	210	210	210	210	210	210	210	210	210	210	210	210	210	210	210	210	210	210	210	210	210	210	210	210	210	210	210	210	210	68	69	55	55	63	63	214	214	214	214	214	214	214	214	214	214	214	214	214	214	214	214	214	214	214	214	214	214	214	214	214	214	214	214	214	214	214	217	217	217	217	217	217	217	217	217	217	217	217	217	217	217	217	217	217	217	217	217	217	217	217	217	217	217	217	217	217	217	217	217	217	217	217	217	217	217	217	217	217	217	217	217	217	217	217	177	177	177	176	210	210	210	210	210	210	210	210	210	210	177	170
210	210	210	210	210	210	210	210	210	210	210	210	210	210	210	210	210	210	210	210	210	210	210	210	210	210	210	210	210	210	210	210	210	210	210	210	210	210	210	210	210	210	210	68	69	69	69	214	214	214	214	214	214	214	214	214	214	214	214	214	214	214	214	214	214	214	214	214	214	214	214	214	214	214	214	214	214	214	214	214	217	217	217	217	217	217	217	217	217	217	217	217	217	217	217	217	217	217	217	217	217	217	217	217	217	217	217	217	217	217	217	217	217	217	217	217	217	217	217	217	217	217	217	217	217	217	217	217	217	217	217	210	210	210	210	210	210	210	210	210	210	210	174	210
210	210	210	210	210	210	210	210	210	210	210	210	210	210	210	210	210	210	210	210	210	210	210	210	210	210	210	210	210	210	210	210	210	210	210	210	210	210	210	210	210	210	68	68	69	69	214	214	214	214	214	214	214	214	214	214	214	214	214	214	214	214	214	214	214	214	214	214	214	214	214	214	214	214	214	214	214	214	214	214	217	217	217	217	217	217	217	217	217	217	217	217	217	217	217	217	217	217	217	217	217	217	217	217	217	217	217	217	217	217	217	217	217	217	217	217	217	217	217	217	217	217	217	217	217	217	217	217	217	217	176	180	210	210	210	210	210	210	210	210	210	170	210	210
210	210	210	210	210	210	210	210	210	210	210	210	210	210	210	210	210	210	210	210	210	210	210	210	210	210	210	210	210	210	210	210	210	210	210	210	210	210	210	210	210	210	210	68	69	69	214	214	214	214	214	214	214	214	214	214	214	214	214	214	214	214	214	214	214	214	214	214	214	214	214	214	214	214	214	214	214	214	214	214	217	217	217	217	217	217	217	217	217	217	217	217	217	217	217	217	217	217	217	217	217	217	217	217	217	217	217	217	217	217	217	217	217	217	217	217	217	217	217	217	217	217	217	217	217	217	217	217	217	217	217	210	210	210	210	210	210	210	210	210	174	210	210	210
215	215	215	215	215	215	215	215	215	215	215	215	215	215	215	215	215	215	215	215	215	215	215	215	215	215	215	215	215	215	215	215	215	215	215	215	215	215	215	215	215	215	215	69	69	215	215	215	215	215	215	215	215	215	215	215	215	215	215	215	215	215	215	215	215	215	215	215	215	215	215	215	215	215	215	215	215	215	215	215	215	215	215	215	215	215	215	215	215	215	215	215	215	215	215	215	215	215	215	215	215	215	215	215	215	215	215	215	215	215	215	215	215	215	215	215	215	215	215	215	215	215	215	215	215	215	215	215	215	215	215	215	215	215	215	215	215	215	215	174	215	215	215	215
215	215	215	215	215	215	215	215	215	215	215	215	215	215	215	215	215	215	215	215	215	215	215	215	215	215	215	215	215	215	215	215	215	215	215	215	215	215	215	215	215	215	68	69	69	69	215	215	215	215	215	215	215	215	215	215	215	215	215	215	215	215	215	215	215	215	215	215	215	215	215	215	215	215	215	215	215	215	215	215	215	215	215	215	215	215	215	215	215	215	215	215	215	215	215	215	215	215	215	215	215	215	215	215	215	215	215	215	215	215	215	215	215	215	215	215	215	215	215	215	215	215	215	215	215	215	215	215	215	215	215	215	215	215	215	215	215	215	215	215	215	215	215	215
215	215	215	215	215	215	215	215	215	215	215	215	215	215	215	215	215	215	215	215	215	215	215	215	215	215	215	215	215	215	215	215	215	215	215	215	215	215	215	215	215	215	68	69	69	215	215	215	215	215	215	215	215	215	215	215	215	215	215	215	215	215	215	215	215	215	215	215	215	215	215	215	215	215	215	215	215	215	215	215	215	215	215	215	215	215	215	215	215	215	215	215	215	215	215	215	215	215	215	215	215	215	215	215	215	215	215	215	215	215	215	215	215	215	215	215	215	215	215	215	215	215	215	215	215	215	215	215	215	215	215	215	215	215	215	215	215	215	215	215	215	215	215	215
215	215	215	215	215	215	215	215	215	215	215	215	215	215	215	215	215	215	215	215	215	215	215	215	215	215	215	215	215	215	215	215	215	215	215	215	215	215	215	215	215	215	70	69	215	215	215	215	55	215	215	215	215	215	215	215	215	215	215	215	215	215	215	215	215	215	215	215	215	215	215	215	215	215	215	215	215	215	215	215	215	215	215	215	215	215	215	215	215	215	215	215	215	215	215	215	215	215	215	215	215	215	215	215	215	215	215	215	215	215	215	215	215	215	215	215	215	215	215	215	215	215	215	215	215	215	215	215	215	215	215	215	215	215	215	215	215	215	215	215	215	215	215	215
215	215	215	215	215	215	215	215	215	215	215	215	215	215	215	215	215	215	215	215	215	215	215	215	215	215	215	215	215	215	215	215	215	215	215	215	215	215	215	215	215	215	215	70	71	215	215	215	215	215	215	215	215	215	215	215	215	215	215	215	215	215	215	215	215	215	215	215	215	215	215	215	215	215	215	215	215	215	215	215	215	215	215	215	215	215	215	215	215	215	215	215	215	215	215	215	215	215	215	215	215	215	215	215	215	215	215	215	215	215	215	215	215	215	215	215	215	215	215	215	215	215	215	215	215	215	215	215	215	215	215	215	215	215	215	215	215	215	215	215	215	215	215	215
215	215	215	215	215	215	215	215	215	215	215	215	215	215	215	215	215	215	215	215	215	215	215	215	215	215	215	215	215	215	215	215	215	215	215	215	215	215	215	215	215	215	215	215	215	215	215	215	215	215	215	215	215	215	215	215	215	215	215	215	215	215	215	215	215	215	215	215	215	215	215	215	215	215	215	215	215	215	215	215	215	215	215	215	215	215	215	215	215	215	215	215	215	215	215	215	215	215	215	215	215	215	215	215	215	215	215	215	215	215	215	215	215	215	215	215	215	215	215	215	215	215	215	215	215	215	215	215	215	215	215	215	215	215	215	215	215	215	215	215	215	215	215	215
215	215	215	215	215	215	215	215	215	215	215	215	215	215	215	215	215	215	215	215	215	215	215	215	215	215	215	215	215	215	215	215	215	215	215	215	215	215	215	215	215	215	215	215	215	215	215	215	215	215	215	215	215	215	215	215	215	215	215	215	215	215	215	215	215	215	215	215	215	215	215	215	215	215	215	215	215	215	215	215	215	215	215	215	215	215	215	215	215	215	215	215	215	215	215	215	215	215	215	215	215	215	215	215	215	215	215	215	215	215	215	215	215	215	215	215	215	215	215	215	215	215	215	215	215	215	215	215	215	215	215	215	215	215	215	215	215	215	215	215	215	215	215	215
215	215	215	215	215	215	215	215	215	215	215	215	215	215	215	215	215	215	215	215	215	215	215	215	215	215	215	215	215	215	215	215	215	215	215	215	215	215	215	215	215	215	215	215	215	215	215	215	215	215	215	215	215	215	215	215	215	215	215	215	215	215	215	215	215	215	215	215	215	215	215	215	215	215	215	215	215	215	215	215	215	215	215	215	215	215	215	215	215	215	215	215	215	215	215	215	215	215	215	215	215	215	215	215	215	215	215	215	215	215	215	215	215	215	215	215	215	215	215	215	215	215	215	215	215	215	215	215	215	215	215	215	215	215	215	215	215	215	215	215	215	215	215	215
215	215	215	215	215	215	215	215	215	215	215	215	215	215	215	215	215	215	215	215	215	215	215	215	215	215	215	215	215	215	215	215	215	215	215	215	215	215	215	215	215	215	215	215	215	215	215	215	215	215	215	215	215	215	215	215	215	215	215	215	215	215	215	215	215	215	215	215	215	215	215	215	215	215	215	215	215	215	215	215	215	215	215	215	215	215	215	215	215	215	215	215	215	215	215	215	215	215	215	215	215	215	215	215	215	215	215	215	215	215	215	215	215	215	215	215	215	215	215	215	215	215	215	215	215	215	215	215	215	215	215	215	215	215	215	215	215	215	215	215	215	215	215	215
215	215	215	215	215	215	215	215	215	215	215	215	215	215	215	215	215	215	215	215	215	215	215	215	215	215	215	215	215	215	215	215	215	215	215	215	215	215	215	215	215	215	215	215	215	215	215	215	0	215	215	215	215	215	215	215	215	215	215	215	215	215	215	215	215	215	215	215	215	215	215	215	215	215	215	215	215	215	215	215	215	215	215	215	215	215	215	215	215	215	215	215	215	215	215	215	215	215	215	215	215	215	215	215	215	215	215	215	215	215	215	215	215	215	215	215	215	215	215	215	215	215	215	215	215	215	215	215	215	215	215	215	215	215	215	215	215	215	215	215	215	215	215	215
215	215	215	215	215	215	215	215	215	215	215	215	215	215	215	215	215	215	215	215	215	215	215	215	215	215	215	215	215	215	215	215	215	215	215	215	215	215	215	215	215	215	215	215	215	215	0	0	215	215	215	215	215	215	215	215	215	215	215	215	215	215	215	215	215	215	215	215	215	215	215	215	215	215	215	215	215	215	215	215	215	215	215	215	215	215	215	215	215	215	215	215	215	215	215	215	215	215	215	215	215	215	215	215	215	215	215	215	215	215	0	0	0	0	215	215	215	215	215	215	0	215	215	215	215	215	215	215	215	215	215	215	215	215	215	215	215	215	215	215	215	215	215	215
215	215	215	215	215	215	215	215	215	215	215	215	215	215	215	215	215	215	215	215	215	215	215	215	215	215	215	215	215	215	215	215	215	215	215	215	215	215	215	215	215	215	215	215	0	0	0	0	215	215	215	215	215	215	215	215	215	215	215	215	215	215	215	215	215	215	215	215	215	215	215	215	215	215	215	215	215	215	215	215	215	215	215	215	215	215	215	215	215	215	0	0	0	0	0	0	0	0	0	215	215	215	215	215	215	0	0	0	0	0	0	0	0	0	0	0	0	0	0	0	0	0	0	0	0	0	0	0	0	0	0	215	215	215	215	215	215	215	215	215	215	215	215	215
215	215	215	215	215	215	215	215	215	215	215	215	215	215	215	215	215	215	215	215	215	215	215	215	215	215	215	215	215	215	215	215	215	215	215	215	215	215	215	215	215	215	0	0	0	0	0	0	215	215	215	215	215	215	215	215	215	215	215	215	215	215	215	215	215	215	215	215	215	215	215	215	215	215	215	215	215	0	0	215	215	215	215	215	0	0	0	0	0	0	0	0	0	0	0	0	0	0	0	0	0	0	0	0	0	0	0	0	0	0	0	0	0	0	0	0	0	0	0	0	0	0	0	0	0	0	0	0	0	0	0	0	0	0	0	0	215	215	215	215	215	215	215	215
215	215	215	215	215	215	215	215	215	215	215	215	215	215	215	215	215	215	215	215	215	215	215	215	215	215	215	215	215	215	215	215	215	215	215	215	215	215	215	215	215	215	0	0	0	0	0	0	215	215	215	215	215	215	215	215	215	215	215	215	215	215	215	215	215	215	215	0	0	0	0	0	0	0	0	0	0	0	0	0	0	0	0	0	0	0	0	0	0	0	0	0	0	0	0	0	0	0	0	0	0	0	0	0	0	0	0	0	0	0	0	0	0	0	0	0	0	0	0	0	0	0	0	0	0	0	0	0	0	0	0	0	0	0	0	0	0	0	0	0	215	215	215	215
215	215	215	215	215	215	215	215	215	215	215	215	215	215	215	215	215	215	215	215	215	215	0	0	215	215	215	215	0	215	215	0	0	0	0	0	0	0	0	0	0	0	0	0	0	0	0	0	215	215	215	215	215	215	215	215	215	215	215	215	215	215	215	215	0	0	0	0	0	0	0	0	0	0	0	0	0	0	0	0	0	0	0	0	0	0	0	0	0	0	0	0	0	0	0	0	0	0	0	0	0	0	0	0	0	0	0	0	0	0	0	0	0	0	0	0	0	0	0	0	0	0	0	0	0	0	0	0	0	0	0	0	0	0	0	0	0	0	0	215	215	215	215	215
215	215	215	215	215	215	215	215	215	215	215	215	215	215	0	0	0	0	0	0	0	0	0	0	0	0	0	0	0	0	0	0	0	0	0	0	0	0	0	0	0	0	0	0	0	0	0	0	0	215	215	215	215	215	215	215	215	215	215	215	215	215	0	0	0	0	0	0	0	0	0	0	0	0	0	0	0	0	0	0	0	0	0	0	0	0	0	0	0	0	0	0	0	0	0	0	0	0	0	0	0	0	0	0	0	0	0	0	0	0	0	0	0	0	0	0	0	0	0	0	0	0	0	0	0	0	0	0	0	0	0	0	0	0	0	0	0	215	215	215	215	215	215	215
215	215	215	215	215	215	215	215	0	0	0	0	0	0	0	0	0	0	0	0	0	0	0	0	0	0	0	0	0	0	0	0	0	0	0	0	0	0	0	0	0	0	0	0	0	0	0	0	0	0	0	0	0	215	215	0	215	215	0	0	0	0	0	0	0	0	0	0	0	0	0	0	0	0	0	0	0	0	0	0	0	0	0	0	0	0	0	0	0	0	0	0	0	0	0	0	0	0	0	0	0	0	0	0	0	0	0	0	0	0	0	0	0	0	0	0	0	0	0	0	0	0	0	0	0	0	0	0	0	0	0	0	0	0	0	0	0	0	215	0	0	0	0	215
0	0	0	0	0	0	0	0	0	0	0	0	0	0	0	0	0	0	0	0	0	0	0	0	0	0	0	0	0	0	0	0	0	0	0	0	0	0	0	0	0	0	0	0	0	0	0	0	0	0	0	0	0	0	0	0	0	0	0	0	0	0	0	0	0	0	0	0	0	0	0	0	0	0	0	0	0	0	0	0	0	0	0	0	0	0	0	0	0	0	0	0	0	0	0	0	0	0	0	0	0	0	0	0	0	0	0	0	0	0	0	0	0	0	0	0	0	0	0	0	0	0	0	0	0	0	0	0	0	0	0	0	0	0	0	0	0	0	0	0	0	0	0	0
0	0	0	0	0	0	0	0	0	0	0	0	0	0	0	0	0	0	0	0	0	0	0	0	0	0	0	0	0	0	0	0	0	0	0	0	0	0	0	0	0	0	0	0	0	0	0	0	0	0	0	0	0	0	0	0	0	0	0	0	0	0	0	0	0	0	0	0	0	0	0	0	0	0	0	0	0	0	0	0	0	0	0	0	0	0	0	0	0	0	0	0	0	0	0	0	0	0	0	0	0	0	0	0	0	0	0	0	0	0	0	0	0	0	0	0	0	0	0	0	0	0	0	0	0	0	0	0	0	0	0	0	0	0	0	0	0	0	0	0	0	0	0	0
0	0	0	0	0	0	0	0	0	0	0	0	0	0	0	0	0	0	0	0	0	0	0	0	0	0	0	0	0	0	0	0	0	0	0	0	0	0	0	0	0	0	0	0	0	0	0	0	0	0	0	0	0	0	0	0	0	0	0	0	0	0	0	0	0	0	0	0	0	0	0	0	0	0	0	0	0	0	0	0	0	0	0	0	0	0	0	0	0	0	0	0	0	0	0	0	0	0	0	0	0	0	0	0	0	0	0	0	0	0	0	0	0	0	0	0	0	0	0	0	0	0	0	0	0	0	0	0	0	0	0	0	0	0	0	0	0	0	0	0	0	0	0	0
0	0	0	0	0	0	0	0	0	0	0	0	0	0	0	0	0	0	0	0	0	0	0	0	0	0	0	0	0	0	0	0	0	0	0	0	0	0	0	0	0	0	0	0	0	0	0	0	0	0	0	0	0	0	0	0	0	0	0	0	0	0	0	0	0	0	0	0	0	0	0	0	0	0	0	0	0	0	0	0	0	0	0	0	0	0	0	0	0	0	0	0	0	0	0	0	0	0	0	0	0	0	0	0	0	0	0	0	0	0	0	0	0	0	0	0	0	0	0	0	0	0	0	0	0	0	0	0	0	0	0	0	0	0	0	0	0	0	0	0	0	0	0	0
0	0	0	0	0	0	0	0	0	0	0	0	0	0	0	0	0	0	0	0	0	0	0	0	0	0	0	0	0	0	0	0	0	0	0	0	0	0	0	0	0	0	0	0	0	0	0	0	0	0	0	0	0	0	0	0	0	0	0	0	0	0	0	0	0	0	0	0	0	0	0	0	0	0	0	0	0	0	0	0	0	0	0	0	0	0	0	0	0	0	0	0	0	0	0	0	0	0	0	0	0	0	0	0	0	0	0	0	0	0	0	0	0	0	0	0	0	0	0	0	0	0	0	0	0	0	0	0	0	0	0	0	0	0	0	0	0	0	0	0	0	0	0	0
0	0	0	0	0	0	0	0	0	0	0	0	0	0	0	0	0	0	0	0	0	0	0	0	0	0	0	0	0	0	0	0	0	0	0	0	0	0	0	0	0	0	0	0	0	0	0	0	0	0	0	0	0	0	0	0	0	0	0	0	0	0	0	0	0	0	0	0	0	0	0	0	0	0	0	0	0	0	0	0	0	0	0	0	0	0	0	0	0	0	0	0	0	0	0	0	0	0	0	0	0	0	0	0	0	0	0	0	0	0	0	0	0	0	0	0	0	0	0	0	0	0	0	0	0	0	0	0	0	0	0	0	0	0	0	0	0	0	0	0	0	0	0	0
